1
2
1359540595883208708
1359530455893123073
1359355108220424195
1359352953031819264
1359340550462328839
1359271420459552770
1353566461747490816
1351184125709922307
1359542210849431555
1359548307308040196
1359551112404082691
1359560122557624320
1359562746388389889
1359564995181252611
1359578845205118984
1359579043876716549
1359883520328482816
1359883755062759425
1359884029152145410
1360026878069850115
1360269530749091843
1360415202773196800
1360703891663388673
1360704254923714563
1360720296966316036
1360721158077825024
1360722282637852676
1363317657357926400
1363318006483410947
1363318668118130690
1363319218867998722
1363319842598748160
1363320493177192451
1363321177708650499
1363473180459941888
1364307195832250372
1365784047184732170
1365827432733941760
1365860476865961984
1366140761893388288
1366610669823553542
1366610569554497536
1366610749213270018
1366905291741093892
1369453850395021314
1369454082029744132
1369454395738513409
1369454752786956288
1369484915734159366
1369485093790703620
1369485200888127489
1369486786070786049
1369487356584210433
1369487196915372037
1369829870965039105
1395073165467045891
1385336224978771974
1375586132700839941
1375585628843352066
1375584690212646912
1395781397529468929
1395811531795976195
